23300001	[][]0[][]
23300002	[][]0[][]
23300005	[][]0[][]
23300007	[][]0[][]
23300012	[][]0[][]
23300018	[][]0[][]
23300020	[][]0[][]
23300021	[][]0[][]
23300022	[][]0[][]
23300031	[][]0[][]
23300033	[][]0[][]
23300039	[][]0[][]
23300040	[][]0[][]
23300048	[][]0[][]
23300049	[][]0[][]
23300051	[][]0[][]
23300052	[][]0[][]
23300057	[][]0[][]
23300059	[][]0[][]
23300062	[][]0[][]
23300079	[][]0[][]
23300084	[][]0[][]
23300087	[][]0[][]
23300099	[][]0[][]
23300100	[][]0[][]
23300107	[][]0[][]
23300109	[][]0[][]
23300117	[][]0[][]
23300124	[][]0[][]
23300130	[][]0[][]
23300131	[][]0[][]
23300136	[][]0[][]
23300141	[][]0[][]
23300143	[][]0[][]
23300148	[][]0[][]
23300159	[][]0[][]
23300160	[][]0[][]
23300161	[][]0[][]
23300166	[][]0[][]
23300170	[][]0[][]
23300171	[][]0[][]
23300175	[][]0[][]
23300176	[][]0[][]
23300179	[][]0[][]
23300181	[][]0[][]
23300182	[][]0[][]
23300186	[][]0[][]
23300190	[][]0[][]
23300195	[][]0[][]
23300201	[][]0[][]
23300209	[][]0[][]
23300210	[][]0[][]
23300216	[][]0[][]
23300217	[][]0[][]
23300221	[][]0[][]
23300222	[][]0[][]
23300224	[][]0[][]
23300226	[][]0[][]
23300227	[][]0[][]
23300231	[][]0[][]
23300238	[][]0[][]
23300240	[][]0[][]
23300242	[][]0[][]
23300243	[][]0[][]
23300246	[][]0[][]
23300248	[][]0[][]
23300250	[][]0[][]
23300251	[][]0[][]
23300252	[][]0[][]
23300255	[][]0[][]
23300264	[][]0[][]
23300266	[][]0[][]
23300267	[][]0[][]
23300268	[][]0[][]
23300272	[][]0[][]
23300273	[][]0[][]
23300283	[][]0[][]
23300291	[][]0[][]
23300293	[][]0[][]
23300303	[][]0[][]
23300308	[][]0[][]
23300310	[][]0[][]
23300318	[][]0[][]
23300320	[][]0[][]
23300323	[][]0[][]
23300327	[][]0[][]
23300329	[][]0[][]
23300333	[][]0[][]
23300335	[][]0[][]
23300338	[][]0[][]
23300339	[][]0[][]
23300346	[][]0[][]
23300349	[][]0[][]
23300351	[][]0[][]
23300360	[][]0[][]
23300361	[][]0[][]
23300365	[][]0[][]
23300366	[][]0[][]
23300367	[][]0[][]
23300368	[][]0[][]
23300369	[][]0[][]
23300373	[][]0[][]
23300382	[][]0[][]
23300383	[][]0[][]
23300384	[][]0[][]
23300385	[][]0[][]
23300388	[][]0[][]
23300393	[][]0[][]
23300394	[][]0[][]
23300397	[][]0[][]
23300407	[][]0[][]
23300408	[][]0[][]
23300409	[][]0[][]
23300413	[][]0[][]
23300417	[][]0[][]
23300418	[][]0[][]
23300419	[][]0[][]
23300422	[][]0[][]
23300423	[][]0[][]
23300424	[][]0[][]
23300434	[][]0[][]
23300435	[][]0[][]
23300436	[][]0[][]
23300446	[][]0[][]
23300453	[][]0[][]
23300460	[][]0[][]
23300461	[][]0[][]
23300462	[][]0[][]
23300465	[][]0[][]
23300466	[][]0[][]
23300468	[][]0[][]
23300472	[][]0[][]
23300473	[][]0[][]
23300474	[][]0[][]
23300475	[][]0[][]
23300478	[][]0[][]
23300479	[][]0[][]
23300480	[][]0[][]
23300483	[][]0[][]
23300484	[][]0[][]
23300486	[][]0[][]
23300487	[][]0[][]
23300488	[][]0[][]
23300489	[][]0[][]
23300490	[][]0[][]
23300492	[][]0[][]
23300496	[][]0[][]
23300498	[][]0[][]
23300502	[][]0[][]
23300518	[][]0[][]
23300519	[][]0[][]
23300526	[][]0[][]
23300527	[][]0[][]
23300529	[][]0[][]
23300530	[][]0[][]
23300537	[][]0[][]
23300538	[][]0[][]
23300544	[][]0[][]
23300548	[][]0[][]
23300551	[][]0[][]
23300559	[][]0[][]
23300562	[][]0[][]
23300571	[][]0[][]
23300572	[][]0[][]
23300573	[][]0[][]
23300574	[][]0[][]
23300577	[][]0[][]
23300579	[][]0[][]
23300580	[][]0[][]
23300582	[][]0[][]
23300584	[][]0[][]
23300585	[][]0[][]
23300589	[][]0[][]
23300590	[][]0[][]
23300594	[][]0[][]
23300595	[][]0[][]
23300599	[][]0[][]
23300601	[][]0[][]
23300603	[][]0[][]
23300604	[][]0[][]
23300610	[][]0[][]
23300620	[][]0[][]
23300632	[][]0[][]
23300636	[][]0[][]
23300637	[][]0[][]
23300638	[][]0[][]
23300642	[][]0[][]
23300643	[][]0[][]
23300644	[][]0[][]
23300646	[][]0[][]
23300647	[][]0[][]
23300648	[][]0[][]
23300650	[][]0[][]
23300656	[][]0[][]
23300659	[][]0[][]
23300661	[][]0[][]
23300665	[][]0[][]
23300666	[][]0[][]
23300668	[][]0[][]
23300671	[][]0[][]
23300676	[][]0[][]
23300680	[][]0[][]
23300682	[][]0[][]
23300688	[][]0[][]
23300690	[][]0[][]
23300694	[][]0[][]
23300695	[][]0[][]
23300698	[][]0[][]
23300700	[][]0[][]
23300701	[][]0[][]
23300709	[][]0[][]
23300710	[][]0[][]
23300719	[][]0[][]
23300721	[][]0[][]
23300724	[][]0[][]
23300728	[][]0[][]
23300730	[][]0[][]
23300731	[][]0[][]
23300733	[][]0[][]
23300734	[][]0[][]
23300741	[][]0[][]
23300744	[][]0[][]
23300745	[][]0[][]
23300747	[][]0[][]
23300749	[][]0[][]
23300752	[][]0[][]
23300756	[][]0[][]
23300759	[][]0[][]
23300764	[][]0[][]
23300765	[][]0[][]
23300766	[][]0[][]
23300768	[][]0[][]
23300771	[][]0[][]
23300772	[][]0[][]
23300774	[][]0[][]
23300775	[][]0[][]
23300777	[][]0[][]
23300780	[][]0[][]
23300781	[][]0[][]
23300782	[][]0[][]
23300785	[][]0[][]
23300786	[][]0[][]
23300791	[][]0[][]
23300793	[][]0[][]
23300797	[][]0[][]
23300798	[][]0[][]
23300799	[][]0[][]
23300800	[][]0[][]
23300801	[][]0[][]
23300804	[][]0[][]
23300807	[][]0[][]
23300808	[][]0[][]
23300809	[][]0[][]
23300810	[][]0[][]
23300811	[][]0[][]
23300813	[][]0[][]
23300814	[][]0[][]
23300815	[][]0[][]
23300816	[][]0[][]
23300817	[][]0[][]
23300820	[][]0[][]
23300821	[][]0[][]
23300825	[][]0[][]
23300826	[][]0[][]
23300827	[][]0[][]
23300828	[][]0[][]
23300829	[][]0[][]
23300832	[][]0[][]
23300833	[][]0[][]
23300834	[][]0[][]
23300838	[][]0[][]
23300839	[][]0[][]
23300842	[][]0[][]
23300846	[][]0[][]
23300848	[][]0[][]
23300851	[][]0[][]
23300853	[][]0[][]
23300854	[][]0[][]
23300855	[][]0[][]
23300856	[][]0[][]
23300859	[][]0[][]
23300861	[][]0[][]
23300868	[][]0[][]
23300871	[][]0[][]
23300875	[][]0[][]
23300879	[][]0[][]
23300882	[][]0[][]
23300889	[][]0[][]
23300890	[][]0[][]
23300897	[][]0[][]
23300899	[][]0[][]
23300905	[][]0[][]
23300910	[][]0[][]
23300912	[][]0[][]
23300917	[][]0[][]
23300918	[][]0[][]
23300919	[][]0[][]
23300920	[][]0[][]
23300921	[][]0[][]
23300925	[][]0[][]
23300926	[][]0[][]
23300930	[][]0[][]
23300931	[][]0[][]
23300931	[][]0[][]
